#{"t_start": 1746987406.3311987, "env_id": "None"}
r,l,t
